{
 "cells": [
  {
   "cell_type": "code",
   "execution_count": null,
   "metadata": {},
   "outputs": [],
   "source": [
    "import pandas as  pd\n",
    "import numpy as np\n",
    "import os"
   ]
  },
  {
   "cell_type": "code",
   "execution_count": null,
   "metadata": {},
   "outputs": [],
   "source": [
    "pwd"
   ]
  },
  {
   "cell_type": "code",
   "execution_count": 4,
   "metadata": {},
   "outputs": [
    {
     "name": "stderr",
     "output_type": "stream",
     "text": [
      "C:\\Users\\ravij25\\anaconda3\\lib\\site-packages\\IPython\\core\\interactiveshell.py:3071: DtypeWarning: Columns (33) have mixed types.Specify dtype option on import or set low_memory=False.\n",
      "  has_raised = await self.run_ast_nodes(code_ast.body, cell_name,\n"
     ]
    }
   ],
   "source": [
    "ds=pd.read_csv(r\"C:\\Users\\ravij25\\Desktop\\Data_Collisions.csv\")"
   ]
  },
  {
   "cell_type": "code",
   "execution_count": null,
   "metadata": {},
   "outputs": [],
   "source": [
    "ds.head()"
   ]
  },
  {
   "cell_type": "code",
   "execution_count": 6,
   "metadata": {},
   "outputs": [
    {
     "data": {
      "text/plain": [
       "SEVERITYCODE        int64\n",
       "X                 float64\n",
       "Y                 float64\n",
       "OBJECTID            int64\n",
       "INCKEY              int64\n",
       "COLDETKEY           int64\n",
       "REPORTNO           object\n",
       "STATUS             object\n",
       "ADDRTYPE           object\n",
       "INTKEY            float64\n",
       "LOCATION           object\n",
       "EXCEPTRSNCODE      object\n",
       "EXCEPTRSNDESC      object\n",
       "SEVERITYCODE.1      int64\n",
       "SEVERITYDESC       object\n",
       "COLLISIONTYPE      object\n",
       "PERSONCOUNT         int64\n",
       "PEDCOUNT            int64\n",
       "PEDCYLCOUNT         int64\n",
       "VEHCOUNT            int64\n",
       "INCDATE            object\n",
       "INCDTTM            object\n",
       "JUNCTIONTYPE       object\n",
       "SDOT_COLCODE        int64\n",
       "SDOT_COLDESC       object\n",
       "INATTENTIONIND     object\n",
       "UNDERINFL          object\n",
       "WEATHER            object\n",
       "ROADCOND           object\n",
       "LIGHTCOND          object\n",
       "PEDROWNOTGRNT      object\n",
       "SDOTCOLNUM        float64\n",
       "SPEEDING           object\n",
       "ST_COLCODE         object\n",
       "ST_COLDESC         object\n",
       "SEGLANEKEY          int64\n",
       "CROSSWALKKEY        int64\n",
       "HITPARKEDCAR       object\n",
       "dtype: object"
      ]
     },
     "execution_count": 6,
     "metadata": {},
     "output_type": "execute_result"
    }
   ],
   "source": [
    "ds.dtypes"
   ]
  },
  {
   "cell_type": "code",
   "execution_count": 7,
   "metadata": {},
   "outputs": [
    {
     "data": {
      "text/html": [
       "<div>\n",
       "<style scoped>\n",
       "    .dataframe tbody tr th:only-of-type {\n",
       "        vertical-align: middle;\n",
       "    }\n",
       "\n",
       "    .dataframe tbody tr th {\n",
       "        vertical-align: top;\n",
       "    }\n",
       "\n",
       "    .dataframe thead th {\n",
       "        text-align: right;\n",
       "    }\n",
       "</style>\n",
       "<table border=\"1\" class=\"dataframe\">\n",
       "  <thead>\n",
       "    <tr style=\"text-align: right;\">\n",
       "      <th></th>\n",
       "      <th>SEVERITYCODE</th>\n",
       "      <th>X</th>\n",
       "      <th>Y</th>\n",
       "      <th>OBJECTID</th>\n",
       "      <th>INCKEY</th>\n",
       "      <th>COLDETKEY</th>\n",
       "      <th>INTKEY</th>\n",
       "      <th>SEVERITYCODE.1</th>\n",
       "      <th>PERSONCOUNT</th>\n",
       "      <th>PEDCOUNT</th>\n",
       "      <th>PEDCYLCOUNT</th>\n",
       "      <th>VEHCOUNT</th>\n",
       "      <th>SDOT_COLCODE</th>\n",
       "      <th>SDOTCOLNUM</th>\n",
       "      <th>SEGLANEKEY</th>\n",
       "      <th>CROSSWALKKEY</th>\n",
       "    </tr>\n",
       "  </thead>\n",
       "  <tbody>\n",
       "    <tr>\n",
       "      <th>count</th>\n",
       "      <td>194673.000000</td>\n",
       "      <td>189339.000000</td>\n",
       "      <td>189339.000000</td>\n",
       "      <td>194673.000000</td>\n",
       "      <td>194673.000000</td>\n",
       "      <td>194673.000000</td>\n",
       "      <td>65070.000000</td>\n",
       "      <td>194673.000000</td>\n",
       "      <td>194673.000000</td>\n",
       "      <td>194673.000000</td>\n",
       "      <td>194673.000000</td>\n",
       "      <td>194673.000000</td>\n",
       "      <td>194673.000000</td>\n",
       "      <td>1.149360e+05</td>\n",
       "      <td>194673.000000</td>\n",
       "      <td>1.946730e+05</td>\n",
       "    </tr>\n",
       "    <tr>\n",
       "      <th>mean</th>\n",
       "      <td>1.298901</td>\n",
       "      <td>-122.330518</td>\n",
       "      <td>47.619543</td>\n",
       "      <td>108479.364930</td>\n",
       "      <td>141091.456350</td>\n",
       "      <td>141298.811381</td>\n",
       "      <td>37558.450576</td>\n",
       "      <td>1.298901</td>\n",
       "      <td>2.444427</td>\n",
       "      <td>0.037139</td>\n",
       "      <td>0.028391</td>\n",
       "      <td>1.920780</td>\n",
       "      <td>13.867768</td>\n",
       "      <td>7.972521e+06</td>\n",
       "      <td>269.401114</td>\n",
       "      <td>9.782452e+03</td>\n",
       "    </tr>\n",
       "    <tr>\n",
       "      <th>std</th>\n",
       "      <td>0.457778</td>\n",
       "      <td>0.029976</td>\n",
       "      <td>0.056157</td>\n",
       "      <td>62649.722558</td>\n",
       "      <td>86634.402737</td>\n",
       "      <td>86986.542110</td>\n",
       "      <td>51745.990273</td>\n",
       "      <td>0.457778</td>\n",
       "      <td>1.345929</td>\n",
       "      <td>0.198150</td>\n",
       "      <td>0.167413</td>\n",
       "      <td>0.631047</td>\n",
       "      <td>6.868755</td>\n",
       "      <td>2.553533e+06</td>\n",
       "      <td>3315.776055</td>\n",
       "      <td>7.226926e+04</td>\n",
       "    </tr>\n",
       "    <tr>\n",
       "      <th>min</th>\n",
       "      <td>1.000000</td>\n",
       "      <td>-122.419091</td>\n",
       "      <td>47.495573</td>\n",
       "      <td>1.000000</td>\n",
       "      <td>1001.000000</td>\n",
       "      <td>1001.000000</td>\n",
       "      <td>23807.000000</td>\n",
       "      <td>1.000000</td>\n",
       "      <td>0.000000</td>\n",
       "      <td>0.000000</td>\n",
       "      <td>0.000000</td>\n",
       "      <td>0.000000</td>\n",
       "      <td>0.000000</td>\n",
       "      <td>1.007024e+06</td>\n",
       "      <td>0.000000</td>\n",
       "      <td>0.000000e+00</td>\n",
       "    </tr>\n",
       "    <tr>\n",
       "      <th>25%</th>\n",
       "      <td>1.000000</td>\n",
       "      <td>-122.348673</td>\n",
       "      <td>47.575956</td>\n",
       "      <td>54267.000000</td>\n",
       "      <td>70383.000000</td>\n",
       "      <td>70383.000000</td>\n",
       "      <td>28667.000000</td>\n",
       "      <td>1.000000</td>\n",
       "      <td>2.000000</td>\n",
       "      <td>0.000000</td>\n",
       "      <td>0.000000</td>\n",
       "      <td>2.000000</td>\n",
       "      <td>11.000000</td>\n",
       "      <td>6.040015e+06</td>\n",
       "      <td>0.000000</td>\n",
       "      <td>0.000000e+00</td>\n",
       "    </tr>\n",
       "    <tr>\n",
       "      <th>50%</th>\n",
       "      <td>1.000000</td>\n",
       "      <td>-122.330224</td>\n",
       "      <td>47.615369</td>\n",
       "      <td>106912.000000</td>\n",
       "      <td>123363.000000</td>\n",
       "      <td>123363.000000</td>\n",
       "      <td>29973.000000</td>\n",
       "      <td>1.000000</td>\n",
       "      <td>2.000000</td>\n",
       "      <td>0.000000</td>\n",
       "      <td>0.000000</td>\n",
       "      <td>2.000000</td>\n",
       "      <td>13.000000</td>\n",
       "      <td>8.023022e+06</td>\n",
       "      <td>0.000000</td>\n",
       "      <td>0.000000e+00</td>\n",
       "    </tr>\n",
       "    <tr>\n",
       "      <th>75%</th>\n",
       "      <td>2.000000</td>\n",
       "      <td>-122.311937</td>\n",
       "      <td>47.663664</td>\n",
       "      <td>162272.000000</td>\n",
       "      <td>203319.000000</td>\n",
       "      <td>203459.000000</td>\n",
       "      <td>33973.000000</td>\n",
       "      <td>2.000000</td>\n",
       "      <td>3.000000</td>\n",
       "      <td>0.000000</td>\n",
       "      <td>0.000000</td>\n",
       "      <td>2.000000</td>\n",
       "      <td>14.000000</td>\n",
       "      <td>1.015501e+07</td>\n",
       "      <td>0.000000</td>\n",
       "      <td>0.000000e+00</td>\n",
       "    </tr>\n",
       "    <tr>\n",
       "      <th>max</th>\n",
       "      <td>2.000000</td>\n",
       "      <td>-122.238949</td>\n",
       "      <td>47.734142</td>\n",
       "      <td>219547.000000</td>\n",
       "      <td>331454.000000</td>\n",
       "      <td>332954.000000</td>\n",
       "      <td>757580.000000</td>\n",
       "      <td>2.000000</td>\n",
       "      <td>81.000000</td>\n",
       "      <td>6.000000</td>\n",
       "      <td>2.000000</td>\n",
       "      <td>12.000000</td>\n",
       "      <td>69.000000</td>\n",
       "      <td>1.307202e+07</td>\n",
       "      <td>525241.000000</td>\n",
       "      <td>5.239700e+06</td>\n",
       "    </tr>\n",
       "  </tbody>\n",
       "</table>\n",
       "</div>"
      ],
      "text/plain": [
       "        SEVERITYCODE              X              Y       OBJECTID  \\\n",
       "count  194673.000000  189339.000000  189339.000000  194673.000000   \n",
       "mean        1.298901    -122.330518      47.619543  108479.364930   \n",
       "std         0.457778       0.029976       0.056157   62649.722558   \n",
       "min         1.000000    -122.419091      47.495573       1.000000   \n",
       "25%         1.000000    -122.348673      47.575956   54267.000000   \n",
       "50%         1.000000    -122.330224      47.615369  106912.000000   \n",
       "75%         2.000000    -122.311937      47.663664  162272.000000   \n",
       "max         2.000000    -122.238949      47.734142  219547.000000   \n",
       "\n",
       "              INCKEY      COLDETKEY         INTKEY  SEVERITYCODE.1  \\\n",
       "count  194673.000000  194673.000000   65070.000000   194673.000000   \n",
       "mean   141091.456350  141298.811381   37558.450576        1.298901   \n",
       "std     86634.402737   86986.542110   51745.990273        0.457778   \n",
       "min      1001.000000    1001.000000   23807.000000        1.000000   \n",
       "25%     70383.000000   70383.000000   28667.000000        1.000000   \n",
       "50%    123363.000000  123363.000000   29973.000000        1.000000   \n",
       "75%    203319.000000  203459.000000   33973.000000        2.000000   \n",
       "max    331454.000000  332954.000000  757580.000000        2.000000   \n",
       "\n",
       "         PERSONCOUNT       PEDCOUNT    PEDCYLCOUNT       VEHCOUNT  \\\n",
       "count  194673.000000  194673.000000  194673.000000  194673.000000   \n",
       "mean        2.444427       0.037139       0.028391       1.920780   \n",
       "std         1.345929       0.198150       0.167413       0.631047   \n",
       "min         0.000000       0.000000       0.000000       0.000000   \n",
       "25%         2.000000       0.000000       0.000000       2.000000   \n",
       "50%         2.000000       0.000000       0.000000       2.000000   \n",
       "75%         3.000000       0.000000       0.000000       2.000000   \n",
       "max        81.000000       6.000000       2.000000      12.000000   \n",
       "\n",
       "        SDOT_COLCODE    SDOTCOLNUM     SEGLANEKEY  CROSSWALKKEY  \n",
       "count  194673.000000  1.149360e+05  194673.000000  1.946730e+05  \n",
       "mean       13.867768  7.972521e+06     269.401114  9.782452e+03  \n",
       "std         6.868755  2.553533e+06    3315.776055  7.226926e+04  \n",
       "min         0.000000  1.007024e+06       0.000000  0.000000e+00  \n",
       "25%        11.000000  6.040015e+06       0.000000  0.000000e+00  \n",
       "50%        13.000000  8.023022e+06       0.000000  0.000000e+00  \n",
       "75%        14.000000  1.015501e+07       0.000000  0.000000e+00  \n",
       "max        69.000000  1.307202e+07  525241.000000  5.239700e+06  "
      ]
     },
     "execution_count": 7,
     "metadata": {},
     "output_type": "execute_result"
    }
   ],
   "source": [
    "ds.describe()"
   ]
  },
  {
   "cell_type": "code",
   "execution_count": 8,
   "metadata": {},
   "outputs": [
    {
     "data": {
      "text/html": [
       "<div>\n",
       "<style scoped>\n",
       "    .dataframe tbody tr th:only-of-type {\n",
       "        vertical-align: middle;\n",
       "    }\n",
       "\n",
       "    .dataframe tbody tr th {\n",
       "        vertical-align: top;\n",
       "    }\n",
       "\n",
       "    .dataframe thead th {\n",
       "        text-align: right;\n",
       "    }\n",
       "</style>\n",
       "<table border=\"1\" class=\"dataframe\">\n",
       "  <thead>\n",
       "    <tr style=\"text-align: right;\">\n",
       "      <th></th>\n",
       "      <th>SEVERITYCODE</th>\n",
       "      <th>X</th>\n",
       "      <th>Y</th>\n",
       "      <th>OBJECTID</th>\n",
       "      <th>INCKEY</th>\n",
       "      <th>COLDETKEY</th>\n",
       "      <th>INTKEY</th>\n",
       "      <th>SEVERITYCODE.1</th>\n",
       "      <th>PERSONCOUNT</th>\n",
       "      <th>PEDCOUNT</th>\n",
       "      <th>PEDCYLCOUNT</th>\n",
       "      <th>VEHCOUNT</th>\n",
       "      <th>SDOT_COLCODE</th>\n",
       "      <th>SDOTCOLNUM</th>\n",
       "      <th>SEGLANEKEY</th>\n",
       "      <th>CROSSWALKKEY</th>\n",
       "    </tr>\n",
       "  </thead>\n",
       "  <tbody>\n",
       "    <tr>\n",
       "      <th>SEVERITYCODE</th>\n",
       "      <td>1.000000</td>\n",
       "      <td>0.010309</td>\n",
       "      <td>0.017737</td>\n",
       "      <td>0.020131</td>\n",
       "      <td>0.022065</td>\n",
       "      <td>0.022079</td>\n",
       "      <td>0.006553</td>\n",
       "      <td>1.000000</td>\n",
       "      <td>0.130949</td>\n",
       "      <td>0.246338</td>\n",
       "      <td>0.214218</td>\n",
       "      <td>-0.054686</td>\n",
       "      <td>0.188905</td>\n",
       "      <td>0.004226</td>\n",
       "      <td>0.104276</td>\n",
       "      <td>0.175093</td>\n",
       "    </tr>\n",
       "    <tr>\n",
       "      <th>X</th>\n",
       "      <td>0.010309</td>\n",
       "      <td>1.000000</td>\n",
       "      <td>-0.160262</td>\n",
       "      <td>0.009956</td>\n",
       "      <td>0.010309</td>\n",
       "      <td>0.010300</td>\n",
       "      <td>0.120754</td>\n",
       "      <td>0.010309</td>\n",
       "      <td>0.012887</td>\n",
       "      <td>0.011304</td>\n",
       "      <td>-0.001752</td>\n",
       "      <td>-0.012168</td>\n",
       "      <td>0.010904</td>\n",
       "      <td>-0.001016</td>\n",
       "      <td>-0.001618</td>\n",
       "      <td>0.013586</td>\n",
       "    </tr>\n",
       "    <tr>\n",
       "      <th>Y</th>\n",
       "      <td>0.017737</td>\n",
       "      <td>-0.160262</td>\n",
       "      <td>1.000000</td>\n",
       "      <td>-0.023848</td>\n",
       "      <td>-0.027396</td>\n",
       "      <td>-0.027415</td>\n",
       "      <td>-0.114935</td>\n",
       "      <td>0.017737</td>\n",
       "      <td>-0.013850</td>\n",
       "      <td>0.010178</td>\n",
       "      <td>0.026304</td>\n",
       "      <td>0.017058</td>\n",
       "      <td>-0.019694</td>\n",
       "      <td>-0.006958</td>\n",
       "      <td>0.004618</td>\n",
       "      <td>0.009508</td>\n",
       "    </tr>\n",
       "    <tr>\n",
       "      <th>OBJECTID</th>\n",
       "      <td>0.020131</td>\n",
       "      <td>0.009956</td>\n",
       "      <td>-0.023848</td>\n",
       "      <td>1.000000</td>\n",
       "      <td>0.946383</td>\n",
       "      <td>0.945837</td>\n",
       "      <td>0.046929</td>\n",
       "      <td>0.020131</td>\n",
       "      <td>-0.062333</td>\n",
       "      <td>0.024604</td>\n",
       "      <td>0.034432</td>\n",
       "      <td>-0.094280</td>\n",
       "      <td>-0.037094</td>\n",
       "      <td>0.969276</td>\n",
       "      <td>0.028076</td>\n",
       "      <td>0.056046</td>\n",
       "    </tr>\n",
       "    <tr>\n",
       "      <th>INCKEY</th>\n",
       "      <td>0.022065</td>\n",
       "      <td>0.010309</td>\n",
       "      <td>-0.027396</td>\n",
       "      <td>0.946383</td>\n",
       "      <td>1.000000</td>\n",
       "      <td>0.999996</td>\n",
       "      <td>0.048524</td>\n",
       "      <td>0.022065</td>\n",
       "      <td>-0.061500</td>\n",
       "      <td>0.024918</td>\n",
       "      <td>0.031342</td>\n",
       "      <td>-0.107528</td>\n",
       "      <td>-0.027617</td>\n",
       "      <td>0.990571</td>\n",
       "      <td>0.019701</td>\n",
       "      <td>0.048179</td>\n",
       "    </tr>\n",
       "    <tr>\n",
       "      <th>COLDETKEY</th>\n",
       "      <td>0.022079</td>\n",
       "      <td>0.010300</td>\n",
       "      <td>-0.027415</td>\n",
       "      <td>0.945837</td>\n",
       "      <td>0.999996</td>\n",
       "      <td>1.000000</td>\n",
       "      <td>0.048499</td>\n",
       "      <td>0.022079</td>\n",
       "      <td>-0.061403</td>\n",
       "      <td>0.024914</td>\n",
       "      <td>0.031296</td>\n",
       "      <td>-0.107598</td>\n",
       "      <td>-0.027461</td>\n",
       "      <td>0.990571</td>\n",
       "      <td>0.019586</td>\n",
       "      <td>0.048063</td>\n",
       "    </tr>\n",
       "    <tr>\n",
       "      <th>INTKEY</th>\n",
       "      <td>0.006553</td>\n",
       "      <td>0.120754</td>\n",
       "      <td>-0.114935</td>\n",
       "      <td>0.046929</td>\n",
       "      <td>0.048524</td>\n",
       "      <td>0.048499</td>\n",
       "      <td>1.000000</td>\n",
       "      <td>0.006553</td>\n",
       "      <td>0.001886</td>\n",
       "      <td>-0.004784</td>\n",
       "      <td>0.000531</td>\n",
       "      <td>-0.012929</td>\n",
       "      <td>0.007114</td>\n",
       "      <td>0.032604</td>\n",
       "      <td>-0.010510</td>\n",
       "      <td>0.018420</td>\n",
       "    </tr>\n",
       "    <tr>\n",
       "      <th>SEVERITYCODE.1</th>\n",
       "      <td>1.000000</td>\n",
       "      <td>0.010309</td>\n",
       "      <td>0.017737</td>\n",
       "      <td>0.020131</td>\n",
       "      <td>0.022065</td>\n",
       "      <td>0.022079</td>\n",
       "      <td>0.006553</td>\n",
       "      <td>1.000000</td>\n",
       "      <td>0.130949</td>\n",
       "      <td>0.246338</td>\n",
       "      <td>0.214218</td>\n",
       "      <td>-0.054686</td>\n",
       "      <td>0.188905</td>\n",
       "      <td>0.004226</td>\n",
       "      <td>0.104276</td>\n",
       "      <td>0.175093</td>\n",
       "    </tr>\n",
       "    <tr>\n",
       "      <th>PERSONCOUNT</th>\n",
       "      <td>0.130949</td>\n",
       "      <td>0.012887</td>\n",
       "      <td>-0.013850</td>\n",
       "      <td>-0.062333</td>\n",
       "      <td>-0.061500</td>\n",
       "      <td>-0.061403</td>\n",
       "      <td>0.001886</td>\n",
       "      <td>0.130949</td>\n",
       "      <td>1.000000</td>\n",
       "      <td>-0.023464</td>\n",
       "      <td>-0.038809</td>\n",
       "      <td>0.380523</td>\n",
       "      <td>-0.128960</td>\n",
       "      <td>0.011784</td>\n",
       "      <td>-0.021383</td>\n",
       "      <td>-0.032258</td>\n",
       "    </tr>\n",
       "    <tr>\n",
       "      <th>PEDCOUNT</th>\n",
       "      <td>0.246338</td>\n",
       "      <td>0.011304</td>\n",
       "      <td>0.010178</td>\n",
       "      <td>0.024604</td>\n",
       "      <td>0.024918</td>\n",
       "      <td>0.024914</td>\n",
       "      <td>-0.004784</td>\n",
       "      <td>0.246338</td>\n",
       "      <td>-0.023464</td>\n",
       "      <td>1.000000</td>\n",
       "      <td>-0.016920</td>\n",
       "      <td>-0.261285</td>\n",
       "      <td>0.260393</td>\n",
       "      <td>0.021461</td>\n",
       "      <td>0.001810</td>\n",
       "      <td>0.565326</td>\n",
       "    </tr>\n",
       "    <tr>\n",
       "      <th>PEDCYLCOUNT</th>\n",
       "      <td>0.214218</td>\n",
       "      <td>-0.001752</td>\n",
       "      <td>0.026304</td>\n",
       "      <td>0.034432</td>\n",
       "      <td>0.031342</td>\n",
       "      <td>0.031296</td>\n",
       "      <td>0.000531</td>\n",
       "      <td>0.214218</td>\n",
       "      <td>-0.038809</td>\n",
       "      <td>-0.016920</td>\n",
       "      <td>1.000000</td>\n",
       "      <td>-0.253773</td>\n",
       "      <td>0.382521</td>\n",
       "      <td>0.034593</td>\n",
       "      <td>0.453657</td>\n",
       "      <td>0.109820</td>\n",
       "    </tr>\n",
       "    <tr>\n",
       "      <th>VEHCOUNT</th>\n",
       "      <td>-0.054686</td>\n",
       "      <td>-0.012168</td>\n",
       "      <td>0.017058</td>\n",
       "      <td>-0.094280</td>\n",
       "      <td>-0.107528</td>\n",
       "      <td>-0.107598</td>\n",
       "      <td>-0.012929</td>\n",
       "      <td>-0.054686</td>\n",
       "      <td>0.380523</td>\n",
       "      <td>-0.261285</td>\n",
       "      <td>-0.253773</td>\n",
       "      <td>1.000000</td>\n",
       "      <td>-0.365814</td>\n",
       "      <td>-0.023813</td>\n",
       "      <td>-0.122941</td>\n",
       "      <td>-0.200526</td>\n",
       "    </tr>\n",
       "    <tr>\n",
       "      <th>SDOT_COLCODE</th>\n",
       "      <td>0.188905</td>\n",
       "      <td>0.010904</td>\n",
       "      <td>-0.019694</td>\n",
       "      <td>-0.037094</td>\n",
       "      <td>-0.027617</td>\n",
       "      <td>-0.027461</td>\n",
       "      <td>0.007114</td>\n",
       "      <td>0.188905</td>\n",
       "      <td>-0.128960</td>\n",
       "      <td>0.260393</td>\n",
       "      <td>0.382521</td>\n",
       "      <td>-0.365814</td>\n",
       "      <td>1.000000</td>\n",
       "      <td>-0.041084</td>\n",
       "      <td>0.206835</td>\n",
       "      <td>0.189518</td>\n",
       "    </tr>\n",
       "    <tr>\n",
       "      <th>SDOTCOLNUM</th>\n",
       "      <td>0.004226</td>\n",
       "      <td>-0.001016</td>\n",
       "      <td>-0.006958</td>\n",
       "      <td>0.969276</td>\n",
       "      <td>0.990571</td>\n",
       "      <td>0.990571</td>\n",
       "      <td>0.032604</td>\n",
       "      <td>0.004226</td>\n",
       "      <td>0.011784</td>\n",
       "      <td>0.021461</td>\n",
       "      <td>0.034593</td>\n",
       "      <td>-0.023813</td>\n",
       "      <td>-0.041084</td>\n",
       "      <td>1.000000</td>\n",
       "      <td>0.066449</td>\n",
       "      <td>0.086228</td>\n",
       "    </tr>\n",
       "    <tr>\n",
       "      <th>SEGLANEKEY</th>\n",
       "      <td>0.104276</td>\n",
       "      <td>-0.001618</td>\n",
       "      <td>0.004618</td>\n",
       "      <td>0.028076</td>\n",
       "      <td>0.019701</td>\n",
       "      <td>0.019586</td>\n",
       "      <td>-0.010510</td>\n",
       "      <td>0.104276</td>\n",
       "      <td>-0.021383</td>\n",
       "      <td>0.001810</td>\n",
       "      <td>0.453657</td>\n",
       "      <td>-0.122941</td>\n",
       "      <td>0.206835</td>\n",
       "      <td>0.066449</td>\n",
       "      <td>1.000000</td>\n",
       "      <td>-0.003422</td>\n",
       "    </tr>\n",
       "    <tr>\n",
       "      <th>CROSSWALKKEY</th>\n",
       "      <td>0.175093</td>\n",
       "      <td>0.013586</td>\n",
       "      <td>0.009508</td>\n",
       "      <td>0.056046</td>\n",
       "      <td>0.048179</td>\n",
       "      <td>0.048063</td>\n",
       "      <td>0.018420</td>\n",
       "      <td>0.175093</td>\n",
       "      <td>-0.032258</td>\n",
       "      <td>0.565326</td>\n",
       "      <td>0.109820</td>\n",
       "      <td>-0.200526</td>\n",
       "      <td>0.189518</td>\n",
       "      <td>0.086228</td>\n",
       "      <td>-0.003422</td>\n",
       "      <td>1.000000</td>\n",
       "    </tr>\n",
       "  </tbody>\n",
       "</table>\n",
       "</div>"
      ],
      "text/plain": [
       "                SEVERITYCODE         X         Y  OBJECTID    INCKEY  \\\n",
       "SEVERITYCODE        1.000000  0.010309  0.017737  0.020131  0.022065   \n",
       "X                   0.010309  1.000000 -0.160262  0.009956  0.010309   \n",
       "Y                   0.017737 -0.160262  1.000000 -0.023848 -0.027396   \n",
       "OBJECTID            0.020131  0.009956 -0.023848  1.000000  0.946383   \n",
       "INCKEY              0.022065  0.010309 -0.027396  0.946383  1.000000   \n",
       "COLDETKEY           0.022079  0.010300 -0.027415  0.945837  0.999996   \n",
       "INTKEY              0.006553  0.120754 -0.114935  0.046929  0.048524   \n",
       "SEVERITYCODE.1      1.000000  0.010309  0.017737  0.020131  0.022065   \n",
       "PERSONCOUNT         0.130949  0.012887 -0.013850 -0.062333 -0.061500   \n",
       "PEDCOUNT            0.246338  0.011304  0.010178  0.024604  0.024918   \n",
       "PEDCYLCOUNT         0.214218 -0.001752  0.026304  0.034432  0.031342   \n",
       "VEHCOUNT           -0.054686 -0.012168  0.017058 -0.094280 -0.107528   \n",
       "SDOT_COLCODE        0.188905  0.010904 -0.019694 -0.037094 -0.027617   \n",
       "SDOTCOLNUM          0.004226 -0.001016 -0.006958  0.969276  0.990571   \n",
       "SEGLANEKEY          0.104276 -0.001618  0.004618  0.028076  0.019701   \n",
       "CROSSWALKKEY        0.175093  0.013586  0.009508  0.056046  0.048179   \n",
       "\n",
       "                COLDETKEY    INTKEY  SEVERITYCODE.1  PERSONCOUNT  PEDCOUNT  \\\n",
       "SEVERITYCODE     0.022079  0.006553        1.000000     0.130949  0.246338   \n",
       "X                0.010300  0.120754        0.010309     0.012887  0.011304   \n",
       "Y               -0.027415 -0.114935        0.017737    -0.013850  0.010178   \n",
       "OBJECTID         0.945837  0.046929        0.020131    -0.062333  0.024604   \n",
       "INCKEY           0.999996  0.048524        0.022065    -0.061500  0.024918   \n",
       "COLDETKEY        1.000000  0.048499        0.022079    -0.061403  0.024914   \n",
       "INTKEY           0.048499  1.000000        0.006553     0.001886 -0.004784   \n",
       "SEVERITYCODE.1   0.022079  0.006553        1.000000     0.130949  0.246338   \n",
       "PERSONCOUNT     -0.061403  0.001886        0.130949     1.000000 -0.023464   \n",
       "PEDCOUNT         0.024914 -0.004784        0.246338    -0.023464  1.000000   \n",
       "PEDCYLCOUNT      0.031296  0.000531        0.214218    -0.038809 -0.016920   \n",
       "VEHCOUNT        -0.107598 -0.012929       -0.054686     0.380523 -0.261285   \n",
       "SDOT_COLCODE    -0.027461  0.007114        0.188905    -0.128960  0.260393   \n",
       "SDOTCOLNUM       0.990571  0.032604        0.004226     0.011784  0.021461   \n",
       "SEGLANEKEY       0.019586 -0.010510        0.104276    -0.021383  0.001810   \n",
       "CROSSWALKKEY     0.048063  0.018420        0.175093    -0.032258  0.565326   \n",
       "\n",
       "                PEDCYLCOUNT  VEHCOUNT  SDOT_COLCODE  SDOTCOLNUM  SEGLANEKEY  \\\n",
       "SEVERITYCODE       0.214218 -0.054686      0.188905    0.004226    0.104276   \n",
       "X                 -0.001752 -0.012168      0.010904   -0.001016   -0.001618   \n",
       "Y                  0.026304  0.017058     -0.019694   -0.006958    0.004618   \n",
       "OBJECTID           0.034432 -0.094280     -0.037094    0.969276    0.028076   \n",
       "INCKEY             0.031342 -0.107528     -0.027617    0.990571    0.019701   \n",
       "COLDETKEY          0.031296 -0.107598     -0.027461    0.990571    0.019586   \n",
       "INTKEY             0.000531 -0.012929      0.007114    0.032604   -0.010510   \n",
       "SEVERITYCODE.1     0.214218 -0.054686      0.188905    0.004226    0.104276   \n",
       "PERSONCOUNT       -0.038809  0.380523     -0.128960    0.011784   -0.021383   \n",
       "PEDCOUNT          -0.016920 -0.261285      0.260393    0.021461    0.001810   \n",
       "PEDCYLCOUNT        1.000000 -0.253773      0.382521    0.034593    0.453657   \n",
       "VEHCOUNT          -0.253773  1.000000     -0.365814   -0.023813   -0.122941   \n",
       "SDOT_COLCODE       0.382521 -0.365814      1.000000   -0.041084    0.206835   \n",
       "SDOTCOLNUM         0.034593 -0.023813     -0.041084    1.000000    0.066449   \n",
       "SEGLANEKEY         0.453657 -0.122941      0.206835    0.066449    1.000000   \n",
       "CROSSWALKKEY       0.109820 -0.200526      0.189518    0.086228   -0.003422   \n",
       "\n",
       "                CROSSWALKKEY  \n",
       "SEVERITYCODE        0.175093  \n",
       "X                   0.013586  \n",
       "Y                   0.009508  \n",
       "OBJECTID            0.056046  \n",
       "INCKEY              0.048179  \n",
       "COLDETKEY           0.048063  \n",
       "INTKEY              0.018420  \n",
       "SEVERITYCODE.1      0.175093  \n",
       "PERSONCOUNT        -0.032258  \n",
       "PEDCOUNT            0.565326  \n",
       "PEDCYLCOUNT         0.109820  \n",
       "VEHCOUNT           -0.200526  \n",
       "SDOT_COLCODE        0.189518  \n",
       "SDOTCOLNUM          0.086228  \n",
       "SEGLANEKEY         -0.003422  \n",
       "CROSSWALKKEY        1.000000  "
      ]
     },
     "execution_count": 8,
     "metadata": {},
     "output_type": "execute_result"
    }
   ],
   "source": [
    "ds.corr()"
   ]
  },
  {
   "cell_type": "code",
   "execution_count": null,
   "metadata": {},
   "outputs": [],
   "source": [
    "ds2= ds[['SEVERITYCODE','X','Y', 'REPORTNO','LOCATION', 'COLLISIONTYPE','JUNCTIONTYPE', 'WEATHER', 'ROADCOND', 'LIGHTCOND', 'HITPARKEDCAR']]"
   ]
  },
  {
   "cell_type": "code",
   "execution_count": null,
   "metadata": {},
   "outputs": [],
   "source": []
  },
  {
   "cell_type": "code",
   "execution_count": null,
   "metadata": {},
   "outputs": [],
   "source": []
  }
 ],
 "metadata": {
  "kernelspec": {
   "display_name": "Python 3",
   "language": "python",
   "name": "python3"
  },
  "language_info": {
   "codemirror_mode": {
    "name": "ipython",
    "version": 3
   },
   "file_extension": ".py",
   "mimetype": "text/x-python",
   "name": "python",
   "nbconvert_exporter": "python",
   "pygments_lexer": "ipython3",
   "version": "3.8.3"
  }
 },
 "nbformat": 4,
 "nbformat_minor": 4
}
